1.0
0.0
-1.0295698
1.3667806
11.899055
1.4601498
1.0
0.0
-0.97738438
1.3684987
168.75072
-56.68768
1.0
0.0
-0.9250245
1.3698675
128.87003
24.271153
1.0
0.0
-0.87249012
1.3707349
-134.79299
-22.1056
1.0
0.0
-0.82030475
1.372069
-128.18821
-11.876192
1.0
0.0
-0.76777037
1.3730865
-100.67316
56.30249
1.0
0.0
-0.71541049
1.3739921
-69.001693
-14.833523
1.0
0.0
-0.66305061
1.374954
187.04894
-116.88384
1.0
0.0
-0.61069073
1.3758248
312.67908
-17.870711
1.0
0.0
-0.55833082
1.3764999
292.56649
-67.298072
1.0
0.0
-0.50597095
1.3768582
81.872283
10.812393
1.0
0.0
-0.45361107
1.3773652
26.415425
-13.514714
1.0
0.0
-0.40125119
1.3779866
22.188375
7.5615556
1.0
0.0
-0.34889131
1.3783983
-3.9433622
-30.218063
1.0
0.0
-0.29653144
1.3790579
32.805352
-8.2355539
1.0
0.0
-0.24417156
1.3791827
10.765858
12.360402
1.0
0.0
-0.19181168
1.3793577
-268.0439
17.928556
1.0
0.0
-0.1394518
1.3795211
-94.43759
-62.290791
1.0
0.0
-0.087091926
1.3805851
131.48719
65.281012
1.0
0.0
-0.034732052
1.3802786
-173.39484
-40.028729
1.0
0.0
0.00017453292
1.381302
0.0
0.0
1.0
0.0
0.034906585
1.3806517
60.067648
63.321728
1.0
0.0
0.087266463
1.3808671
42.385057
-5.6177186
1.0
0.0
0.13962634
1.3809922
-23.231949
-30.684312
1.0
0.0
0.19198622
1.3814425
66.909892
-5.2154491
1.0
0.0
0.2443461
1.3815015
21.108395
-17.364428
1.0
0.0
0.29670597
1.3817719
53.731488
7.4093601
1.0
0.0
0.34906585
1.3818101
21.470732
-14.306683
1.0
0.0
0.40142573
1.3820341
42.110672
8.7545994
1.0
0.0
0.45378561
1.3824541
51.236914
-11.720678
1.0
0.0
0.50614548
1.3824497
37.887486
3.4014221
1.0
0.0
0.55850536
1.3825736
39.343327
-14.369678
1.0
0.0
0.61086524
1.382605
48.076662
6.9364275
1.0
0.0
0.66322512
1.3828387
35.77537
-12.50745
1.0
0.0
0.71541049
1.3829984
12.390994
-0.73676578
1.0
0.0
0.76777037
1.3829173
2.1119398
-6.0537834
1.0
0.0
0.82013024
1.3828309
33.60609
3.8318792
1.0
0.0
0.87249012
1.3825809
2.5433612
-21.456885
1.0
0.0
0.92485
1.3821872
17.064184
-4.8615521
1.0
0.0
0.97720988
1.3815332
13.657914
-28.08129
1.0
0.0
1.0295698
1.3814808
-68.064699
-19.923533
