1.01198
0.00419001
-1.02957
1.34292
12.7796
1.51053
1.01575
0.00243083
-0.977385
1.37738
169.426
-56.5246
1.01237
0.00155655
-0.925027
1.32508
128.925
24.3727
1.002
0.000710405
-0.872492
1.35261
-135.44
-22.457
0.968919
-0.00351643
-0.820304
1.39629
-129.046
-12.2303
0.999555
-0.00481311
-0.767772
1.34723
-99.8692
56.6018
0.963476
0.00246933
-0.715411
1.40989
-68.4975
-14.7094
0.978853
-0.00281315
-0.663052
1.40832
186.359
-116.852
1.00521
0.000656052
-0.610693
1.31122
313.633
-17.7882
0.968846
0.00066819
-0.558329
1.40006
293.357
-67.6392
0.958705
0.00200753
-0.505972
1.34563
82.5851
11.0362
0.962715
0.0014603
-0.453609
1.36477
27.2473
-13.4144
1.04458
0.000436433
-0.401249
1.32812
21.2521
7.79279
0.976541
0.00253762
-0.348893
1.31854
-3.56789
-29.8235
0.995418
0.00405266
-0.296531
1.39984
32.4342
-8.46105
1.02637
-0.00180313
-0.244172
1.38131
11.2412
12.1705
1.01919
-0.00272416
-0.191812
1.37368
-267.177
18.1807
1.03133
0.00320739
-0.139453
1.42318
-93.6142
-61.8521
0.979886
-0.00309949
-0.0870901
1.411
130.457
65.0788
0.979464
0.000726878
-0.0347337
1.41513
-173.012
-40.262
1.02795
-0.00451456
0.000174795
1.44194
-0.134754
0.398177
0.999733
-0.00188584
0.0349069
1.37336
59.1252
63.6785
0.987714
0.00332508
0.0872673
1.40657
41.6033
-5.48809
0.952791
0.000407186
0.139628
1.37892
-22.0816
-30.667
1.03118
-0.00312941
0.191986
1.40607
67.9509
-5.39954
1.02594
-0.00463567
0.244348
1.32393
20.4349
-17.0202
0.973833
0.00246586
0.296706
1.38955
54.6456
7.13835
0.980889
0.00396848
0.349065
1.37548
20.7348
-14.4988
0.966607
0.00200307
0.401427
1.39364
40.9763
8.6454
0.998626
0.00131612
0.453784
1.42775
51.3603
-11.6946
0.995871
0.000794685
0.506147
1.43194
37.2674
3.80201
1.00481
-0.00480252
0.558504
1.42109
40.4207
-14.4334
1.00715
0.00158933
0.610864
1.35897
48.6269
6.72315
0.954631
-0.00390265
0.663224
1.32603
36.5018
-12.8921
0.979466
0.00290515
0.715412
1.40541
12.3066
-0.677508
0.979054
0.0010752
0.76777
1.41538
2.78331
-5.62939
1.01245
0.00174101
0.820129
1.38806
33.3684
3.96891
0.994467
-0.00163037
0.872489
1.38052
3.65706
-21.1185
1.01379
0.000291197
0.924848
1.38985
16.3295
-4.90601
0.976201
0.00185621
0.977208
1.3473
12.9698
-28.3294
0.966611
-0.00274115
1.02957
1.32534
-68.9861
-19.623
