-300.0019523597779
-154.90636458919374
-174.19327495510402
-390.4815998461525
24.435274281363206
-160.64996802135292
326.0526816956285
333.86583581244054
-168.5658978337628
-266.19144258096196
-183.20269584680693
-109.28390286775226
-335.29882660565227
-36.18945824269639
-121.38727707503595
-211.32504354017715
-356.57292110758254
-153.01817116015235
-376.20167125375696
365.8939551512548
-191.09991788754795
-131.61943356361212
280.3887222257381
-155.21171420063686
-77.82357378229057
-313.0209829880567
-126.22630993439617
-380.15093928297057
-287.9507122959675
-140.812852601497
-245.28722503634538
330.9871081482769
-127.23714163660792
-187.26610520988905
-253.54912369502944
-150.42381455273568
-380.0714980256565
-309.30940100606847
-182.77757888888385
-8.37745559759594
-370.3204587707087
-188.0493201740972
-73.22328985805672
-271.2866016388675
-142.3485915358967
120.23029569944356
-49.99845815829377
-124.10843181411248
42.188850215098284
70.43338603616343
-195.13655145838104
-394.87856192475823
-366.1366683661241
-159.1245693581809
-364.4190719860791
-56.211005329996055
-182.26919527975582
327.89133478411566
-356.7563002566277
-187.73454299195603
-165.12652459249173
-151.9699270593061
156.1412383085625
-6.892730934536189
-259.4976851260732
103.88592317722294
-119.06427730074637
361.52625780129017
118.13425214658196
154.35714842493792
96.98557049618773
196.7154830540212
173.3985006431384
229.54205602204502
112.79776842735487
-380.66034666453277
-169.6177479968295
170.3443286344464
357.12681951813636
-39.29691786272349
150.1546187307698
393.30895547090336
-373.2941850269046
183.04546101266817
-371.75432534324386
-125.87373069739795
192.49764213364847
-238.35470251914765
-39.54936556238397
136.74478339090723
189.1230878328986
-38.24467082620549
152.20499323792478
378.8660438498637
-39.36275349246682
144.41384488196397
-250.5022889022201
174.62132981602485
114.8630158938073
-290.1406897806996
153.26170161108394
198.72230083017877
371.22518366106567
339.04074270581293
107.60970543944238
-275.1777435384512
246.88007702471714
147.88830504047758
321.71033632462286
247.3115002718671
192.67139307745038
-173.20214895923468
-322.4068223138396
148.30316713066438
-347.9037899697701
5.189074557478591
122.37889281207524
109.90018046362229
-171.81259706860672
144.85384414846993
