89.15088425387209
-340.885405081576
0.0
0.0
86.05481013370402
-475.2690692896862
92.09429109667585
-214.0766464684269
99.97868530983504
-228.03555767197747
160.70879674159391
-273.03561557429373
84.2407404039661
-293.8495760413288
-65.97590449066135
-527.9600555432564
6.8925078734068705
-672.4201366990583
0.0
0.0
79.98915149950052
-452.61029365134067
67.16699884853121
-392.64631727019946
89.24936884226676
-390.7390598092834
57.84680732304524
-355.1472670728833
0.0
0.0
98.69666826534069
-369.5401596556468
158.32514280780873
-91.4595356375807
47.79697803504441
-240.33477077826828
131.9863929437961
-479.0988134772578
87.71263623213116
-151.83216051676555
95.63015081865885
-323.78045656299355
147.42498927682826
-388.67619354921675
0.0
0.0
74.89861188950198
-268.56128503341273
85.24722354036547
-350.4722368553777
84.26924637162068
-291.1146075871336
0.0
0.0
92.29475067095444
-265.8753984277509
113.80532984057088
-276.46680338645695
94.8727653380062
-267.00031082937613
115.09822675656225
-241.64846734508637
100.3604047252763
-224.18936373635302
122.70803594731936
-220.76501781078372
109.07219618411163
-188.63882338013545
128.20007073463543
-151.1739762067577
128.12176817129728
-123.06434009463202
135.22524816395722
-138.57816916636258
0.0
0.0
136.4056361043355
-85.64698437494285
117.58723694979595
-60.26291383544749
144.39010842767252
36.28045179174444
-93.56376759422162
-338.8305093591915
-184.0056757492244
-493.380840018358
-98.38758925547604
-482.23410775860253
0.0
0.0
0.0
0.0
0.0
0.0
-103.25632658760901
-317.0476972292635
0.0
0.0
0.0
0.0
-226.87081800391576
-677.807944753417
-109.97812640441286
-489.2651643440598
-123.32289388616175
-432.16052819130374
-101.71584120714105
-432.9321787078388
-133.558987828235
-399.76989631278485
-118.4341090934648
-438.65651777674924
-93.45928458131112
-418.36056434743887
-34.14890699340767
-141.99892855566398
-144.9502419164517
-292.358965592279
-60.93979105494201
-532.5456178906151
-105.41854686090528
-206.1978968786539
-97.54460212347139
-378.8616000428062
-45.86401043898021
-444.0393955868917
0.0
0.0
-118.48223223842076
-324.566546281692
-108.0928526494092
-406.4835429814203
-109.00486003599451
-346.810240926832
-88.15903258207834
-370.21042621230214
-100.69665229466145
-320.24254012920915
0.0
0.0
-97.63505952448222
-319.1385136550812
0.0
0.0
-91.51405717436617
-273.0581546207796
-68.78637824480283
-267.65231326145266
-81.99126925806112
-233.36277366743883
0.0
0.0
-61.97924192973937
-162.75947844458094
-54.34084637930188
-175.42663108976652
-69.50751646242131
-119.65312437615857
-51.994966824709046
-116.14340268719715
-70.18531205227671
-87.25350337734795
-42.703823514053724
12.848736632685384
-323.16062651919646
78.71105805943056
-407.93968745869284
-45.12862126437376
0.0
0.0
-306.0830777247758
281.7566991631728
-294.0684309970903
291.05827563212154
-229.30012406531054
268.4506018047563
-301.9718542894001
268.7820069393347
-448.71767786709916
54.522241227882716
-372.62596858809536
-71.38147420112259
-413.95210448333114
-25.89222017612184
-293.5558682460467
181.61090968652738
-303.84148334968864
255.97616796145445
0.0
0.0
-309.04130056813636
317.6813083333876
-292.0475633045172
290.7435514373865
0.0
0.0
-204.3781075967484
605.9388171752004
-314.04810093745033
462.0244921401378
0.0
0.0
-273.6961117842068
555.2734424101612
-266.4679342822447
383.13283639505994
-214.32232486530543
317.90604110003164
-277.2860254035999
355.8663747640069
-288.2775193159041
431.712708558706
-279.3171281900458
344.03979203931
-281.72507673696185
396.1260263396658
-262.8888004103825
363.22491096242913
-277.61677186354643
401.8809066160748
-258.56127835917664
379.1381641135403
-280.3642265750183
374.8330692542154
-263.0185705430605
385.0630542534612
-280.99422019160966
385.88446458338285
-262.09612344285387
371.28439200737074
-279.5574786155899
383.9352018679125
-264.44226685129195
400.7039857532693
0.0
0.0
-265.90841060548166
368.23791156231187
0.0
0.0
-273.8833101326618
371.75352060929583
-297.4542099848135
371.0337266297497
-275.860069242944
440.29688588188276
131.66077825924316
-275.0822402965953
41.91854675687773
-425.2987429699268
128.18883529434578
-410.1821134635642
134.02619037743108
-149.6714732864468
141.6423533313178
-164.47958605089286
202.08711428117093
-210.53878752427983
125.30624890992053
-232.6002267426535
-25.260610071507983
-468.13948553863133
47.230328246746325
-614.2117266459903
2.467461335390624
-587.7656724759906
119.51756877128756
-398.174910294177
106.24539439176493
-340.34741115332895
127.84327955850797
-340.7309294218609
95.93950124491839
-307.59042917094536
110.91077138042391
-346.8035195258125
135.711551719743
-327.31700868934905
0.0
0.0
83.6578711874339
-203.98468214011453
167.20803801438038
-445.82970634720186
122.32255629271083
-121.79862878515877
129.78645800950753
-295.91625658787984
181.16951322891032
-363.0677880316829
118.12500048636983
-326.2055473896794
107.29926274142372
-249.8910798651571
116.95361096762791
-335.36612080270527
115.27837098410873
-279.6413423839919
135.29235206707256
-307.2340993123984
121.88534314141808
-261.7904788024742
142.67998295894844
-276.11811758577693
123.03086166419432
-270.39816995538365
0.0
0.0
127.0859787965916
-235.10668046717996
148.7210283065205
-235.42496361183743
134.3814473490832
-207.0106510681978
152.81481727110196
-173.21176951448368
152.04337679802646
-148.74049504788997
158.46360448319373
-167.83680624475866
142.0536270410999
-118.65400744189994
158.2979347530673
-121.87380966909092
138.8134023096062
-99.8578299590973
164.98958532197452
-6.5753917928528836
-21.6185888183982
-290.32013706458747
-111.87724395838435
-443.44658576843165
-26.096394031346115
-431.0661348118617
0.0
0.0
-13.529724038766705
-190.33710661060624
46.52043325531949
-238.6557177584341
-30.621400744854135
-262.79646200932854
0.0
0.0
-109.31089239605309
-648.082239033906
-154.33428292143992
-623.1821816732443
-37.5200356283083
-434.913136008119
-50.98654200173044
-378.2525393728223
-29.54196407067036
-379.6397996417644
-61.570408981206015
-347.2863356748081
-46.677060305371505
-387.1397700325116
-21.93897179658783
-368.02204559746946
37.09962153919409
-93.00474443814126
-74.00459980769003
-244.87594496582457
9.630882350212332
-486.67202683531843
0.0
0.0
-27.612012907388248
-336.09276464378917
23.8323402898385
-402.68787847871795
-39.042530635454646
-365.021519663151
-49.66735666238384
-287.70621614814036
-39.76593212546503
-372.0516617761385
-41.175249703572916
-314.95944254322904
0.0
0.0
0.0
0.0
-12.771177176020949
-306.370641727026
-32.01870388449956
-298.6757281640822
-12.092761472585615
-274.8940002308271
-27.096685901164488
-258.86931400177616
-4.988445258302981
-256.7116953920649
0.0
0.0
0.0
0.0
-0.09923569436152846
-161.8688596829634
6.884988546436631
-177.98095268262307
-8.9420104651307
-125.68623116726818
7.904329315777392
-125.67812614983909
-10.959330426016258
-100.30975725607247
0.0
0.0
299.5680278317106
-319.2336467332069
210.63289977570992
-465.59513106213836
297.69027256930775
-446.65319021536027
0.0
0.0
312.67312073514717
-193.38002456168573
373.8672464691082
-235.6708258929582
297.81859832945815
-254.01810913510647
147.9715775070358
-485.866375581395
221.1654657317997
-628.3059980093739
177.08678717189196
-598.3137297537687
294.8018040394094
-405.29421655843635
282.1785330935125
-344.08340334600575
304.40613846992846
-341.1438669261513
273.11110540880776
-304.8066196741211
288.66790773275767
-340.876898615311
314.0342573244238
-318.44898330941027
373.63888644008
-40.40756064083339
0.0
0.0
347.06626031779825
-428.67100791147885
302.651924408819
-102.27930051810088
310.38948731141375
-274.6809058190273
0.0
0.0
299.4159981707234
-301.5181173958461
288.95502664850335
-223.26621777439044
298.9331902989684
-306.90718797256466
297.5599091713518
-249.58682840212188
317.8360993188318
-275.7171734009953
304.6645733970201
-229.02912168626415
325.6540698828903
-242.2573838118776
306.1577783080271
-235.5840620837771
325.79788568203963
-213.3048916438052
310.43692644192635
-199.07268601558914
332.13143894036585
-199.0670383508702
0.0
0.0
336.2243732257132
-136.71085088774993
335.4088512383904
-112.5018780052392
341.7493720111346
-132.04953435545676
325.2297951094845
-83.53491657993294
0.0
0.0
321.6819124730319
-66.7283288981977
347.63555443993084
25.374041994811137
-431.73790965398905
-288.00226856019515
-521.9688410956358
-441.68171185714965
-436.11497242480755
-429.49411896250786
-430.62759975713493
-171.28257879200785
-423.2722733282063
-188.28484767585144
-363.02078114762276
-236.0059759021512
-439.9214348394165
-259.2967883402283
-590.5318326486538
-495.7299537250409
-518.0130463902415
-642.2761531009528
0.0
0.0
0.0
0.0
0.0
0.0
-436.60712544407085
-366.2731346285831
-468.1416820544028
-331.5239284367339
-452.7284504882788
-368.91432962967184
-427.43173051987014
-346.9559344700734
-367.80693246334783
-68.96600204731328
-478.2978406749072
-217.7158645615446
-394.0511718745331
-456.61887318425494
-438.1966979146073
-128.56194433519198
-430.2002384150083
-300.51412689014774
-378.2704265584133
-364.44583873667705
-440.44110006824747
-323.1603013547435
-450.3412686755683
-242.09600663797124
-439.7162700988748
-322.7394264676109
-440.37080609569637
-261.71602844911473
-419.2968646548175
-283.89321829704323
0.0
0.0
-409.6662929266927
-241.14981815050777
0.0
0.0
-407.4355665383865
-201.55201610083034
-421.656792490418
-181.41948283454076
-398.76048764719343
-175.12346832029516
-411.83063665107716
-140.08899190537107
-392.1112936543893
-99.55418793216116
0.0
0.0
0.0
0.0
-398.8543373784472
-23.834661723104645
-381.2276145791137
-19.794902499330192
-399.29516285299775
9.622029222633628
-371.7660060674842
109.96379662373971
0.0
0.0
-404.74970261826
-295.7359383168877
-317.23293081003857
-274.2422698488347
-310.11551057837994
-7.224592323914251
-301.33728294566237
-15.913316903019847
-239.72102723721608
-55.82195753430581
-315.36459136646727
-71.87770826699699
-464.8528867113871
-301.62594730755177
0.0
0.0
-435.06174357325347
-410.1422210873821
-316.986985376983
-215.1673622143573
-329.3167240761625
-152.27651417026428
-306.8567021261405
-147.91666918244331
-337.91849583469224
-110.22572147732185
-322.2169584725974
-145.29302378461867
-296.64169598822895
-121.73864421611427
-236.87843388415712
157.1919644537103
0.0
0.0
-263.4308904140752
-230.458952640924
-307.71463541220896
96.48184254949913
-300.15669076046663
-76.42212387500703
-248.34487454553937
-141.80851023740934
0.0
0.0
-321.61852368043833
-25.28063230101153
0.0
0.0
-313.371529862967
-53.25434763419966
-293.33715105802037
-80.53649847496793
-306.7444190760193
-35.06533220211219
-286.06528200520415
-49.827810006931955
-305.9467720610857
-45.00864640611471
-286.64752357852444
-24.519473860607782
-302.40964227927856
-12.346450141171523
-281.13396106511595
-14.528485983657625
-295.9470437674647
11.56725682982102
-278.03709866917507
42.72674062910979
-279.34870162763497
64.29968972808722
-273.53392105369716
41.96084002403492
-290.5804110494454
87.63439083986499
-275.00779417766415
80.64028426763825
0.0
0.0
0.0
0.0
275.50635759370556
-220.57150164035545
187.43117693226498
-361.95542170546884
275.31977716438763
-338.2678373645937
0.0
0.0
291.82151646052824
-76.31739832213478
353.68514977719724
-114.69287036259992
278.2478367531075
-129.44294158873217
128.9352820834814
-358.0120315561826
202.60462691293705
-497.49691874434734
158.9564118088186
-464.8809094644812
277.0741344681868
-269.57412219748824
264.76303872576415
-206.427335013336
0.0
0.0
256.103367859442
-164.34552531045972
271.7364309823354
-199.5569600040703
297.18320889439025
-176.62565308657176
356.790059134681
101.55233479630064
0.0
0.0
329.88537874565407
-287.5516064117459
285.3297419165847
37.88840749415819
292.7629082529867
-135.3702156013571
0.0
0.0
281.31414720012384
-164.9871331908204
0.0
0.0
279.86401576325073
-175.0240924460485
277.9406249711139
-120.53555043649763
297.5769815007587
-149.83331917482138
283.7341232281358
-106.63079012833163
303.9706516169038
-123.6617146195517
283.642903005936
-121.09847292223246
302.4462960468479
-103.21160821373675
286.18180038306133
-93.65421988221155
306.93247887624733
-98.58789507193936
291.59806243568585
-75.19885414947136
308.9706499945748
-46.846056528641114
307.0874601355851
-28.28892685049271
312.32014948902685
-53.69661819471733
294.66693349871707
-11.229294034175084
309.61021942971735
-21.54668742510485
288.7779160655415
-7.0079675816174785
313.48363380282314
78.56696555750368
216.8665604147591
-380.2597831980515
126.47495488346976
-534.3762564253287
0.0
0.0
217.32550073072616
-265.9609990547171
224.43280583646765
-283.95466941043406
284.3885439280058
-332.9773182483342
207.16852789436552
-357.72264235494293
0.0
0.0
128.4032190010065
-743.8353182425817
83.35800711733609
-719.2138810297615
200.145925773709
-531.1688262380868
186.69325692600154
-474.56606202484437
0.0
0.0
176.2160649529975
-443.31678526944773
191.21459090331155
-482.7975777551755
216.03182961941081
-463.30368864929716
275.1793935634368
-187.7685068390486
164.20774824151607
-338.99610825223164
248.08410751124455
-579.8070443243698
0.0
0.0
211.1948083787732
-427.5610049137977
262.71228419770523
-493.6221710005706
200.07570009051128
-454.7667264435868
0.0
0.0
199.90587531605286
-459.0400252657049
198.78415319741055
-400.45934243300616
0.0
0.0
206.67647671794083
-376.0574827692637
228.19519996749938
-386.70981147058956
209.33698494775848
-377.0480602026956
0.0
0.0
215.0270059604001
-333.2299738343669
0.0
0.0
224.13202974427463
-295.73355089088795
243.52265847003895
-256.95767242728925
0.0
0.0
251.14916316053734
-241.12664632426964
235.7614934369685
-186.50351230013396
253.04710746934012
-184.16486648144286
0.0
0.0
261.90288111266597
-57.40918722772528
0.0
0.0
-462.427478414274
-325.11667999668856
-376.0070911352091
-309.2826013809052
-369.9696195855712
-47.79176521494746
-362.2050977338283
-61.862971741820616
-301.58081608613054
-107.01884392737342
-378.175149975251
-128.13176542776498
-528.5656779797935
-362.7611828729382
-455.8938206207747
-507.89189930398453
-500.46040414033797
-480.42387195860914
-383.1856092783435
-289.6736686678405
-396.25534219990396
-230.787052199683
-374.47460718527185
-230.19806801998388
-406.1799553786035
-196.0124087558874
0.0
0.0
-366.0312473261031
-213.7409260919379
0.0
0.0
-417.69332732031245
-88.35777878961127
-334.06594711459167
-329.6977802661967
-378.7255344790312
-4.526447510723898
0.0
0.0
0.0
0.0
-382.5915551589053
-207.14518201671285
-393.2793657083349
-130.0979129850581
-383.53841884821554
-215.06531710344558
-385.09265827819235
-158.70146146419685
-364.9961276760038
-185.8271795515958
-378.3055600915663
-139.86827089600573
-357.44938522462496
-153.84294994211797
-377.0746551123568
-147.93872139164986
-357.50460333342755
-126.02610966967515
-372.9251222707225
-112.13450746832619
-351.26030795901863
-112.29192615502629
-365.6091106708116
-83.89172601749715
-347.18995235251265
-50.14404692210918
-347.96002873523685
-25.677553248206564
-341.55187807745716
-44.85006649344792
-357.96788005365806
4.264595016277639
-341.7259768689166
0.9753126738894622
-361.1949510671206
22.979518801537083
-335.0909479102707
115.87785943847277
201.6425976058048
-284.0454173890647
112.84525999911321
-429.6093304066882
200.042382913788
-409.8737491853089
206.7915591027413
-144.8025948927981
215.29088888459304
-155.09560385480881
276.6043864028707
-196.69542381363652
0.0
0.0
0.0
0.0
124.2005171748704
-587.5499193690052
80.20666839483397
-557.052317769092
198.00751995744852
-363.5552536484433
185.45170210954933
-301.94119149920607
0.0
0.0
0.0
0.0
192.06125362250333
-297.9126468470683
217.4613790507052
-275.2950445707363
277.0850572685532
2.866721267892956
0.0
0.0
250.47472677185664
-385.4356082796882
206.0624939340241
-59.07212869528587
213.74156754874025
-231.6472777219289
265.42731564495904
-297.4977957441654
202.72691671718894
-258.75396840192735
192.2082336471619
-180.78672062070245
202.10293364430578
-264.80700242400457
200.6509185052845
-207.89034533657664
220.82799523466784
-234.50606169948014
207.5556138691985
-188.34078242115535
228.42566230608546
-202.16836428572742
208.7916032092317
-196.1703935045137
228.30042877059068
-174.58046514685034
212.79315566744148
-161.1032972519572
0.0
0.0
0.0
0.0
238.08471398471008
-101.30754338691077
237.09444849818973
-78.0248309702849
243.25231018809498
-98.53995361596542
0.0
0.0
242.463937078303
-56.127461023105774
222.62494862191656
-36.241319635522515
248.36655877350717
54.751324451419826
230.50354015167855
-419.7681432178379
0.0
0.0
226.3660936949682
-560.0201731820097
231.8807349895056
-301.65658810506636
239.32273634671867
-318.20524483012366
299.6174116827647
-365.6947312911774
222.74434999381327
-388.8346988648175
72.16774435160835
-625.0865885391586
0.0
0.0
100.03540030206156
-745.0850147233606
217.19786214998976
-555.1741961007504
204.1323729399584
-496.6482916481538
226.02473759794265
-495.9600020847574
194.45180385136177
-461.4087670016213
0.0
0.0
235.0822346411807
-477.2550384820289
0.0
0.0
184.08292796366175
-348.7061220249408
268.38241625365146
-587.3518771255467
224.11209833174632
-259.9371179280851
232.1875115861562
-431.49896424708714
283.97782956196806
-496.14286864729473
221.75573985154284
-455.1296076422799
0.0
0.0
222.40463689283894
-455.11953552467656
221.68611940992014
-394.4317850932511
242.7272043378069
-416.7891534689712
0.0
0.0
252.26499350341493
-374.54012772285404
233.77565385615873
-362.9061159491015
254.4377503714806
-335.2618948690568
240.1820807332631
-315.3151303073919
263.03553700927625
-309.2454005134295
249.95378766160107
-274.2819471699285
269.6559666540703
-233.84449983213864
0.0
0.0
277.87578979786974
-214.91893555895746
262.766528935263
-158.87518352477971
280.3188935714253
-155.2066529098492
262.1460588256042
-126.3089278626868
289.65617654982333
-26.06400528785158
328.1308241987732
-249.0329913166232
0.0
0.0
329.9536009918035
-357.1314711321169
338.3628577420117
-83.53494501330061
348.417253088581
-85.52418528115732
411.24838514439284
-119.05908253065297
336.7618937677121
-129.00796535312932
188.38488619160444
-352.80271296037245
262.97269940660277
-487.56180991532034
0.0
0.0
0.0
0.0
327.7855494736527
-182.76941899886288
351.0766905808546
-173.84063097158457
320.78335947422767
-131.9885867775981
337.19975665082256
-163.01210685219812
363.4209084232701
-136.0573696171535
423.7715419589168
146.00649677739648
313.8191542031223
0.3484311962464517
398.2148770316501
-235.7303523430815
354.32881567664316
93.07825480784737
362.11976373830777
-77.94967493254687
414.1317723833371
-142.7207268395004
351.66128207303706
-102.57553060356096
0.0
0.0
351.1909796314775
-107.27198027640156
0.0
0.0
369.7310046473449
-77.61786440210226
356.24529007764886
-32.530921282024515
376.78026076105834
-47.896483944388365
356.6898318487279
-43.89057189533559
375.7167772106644
-24.832959597158755
359.6191147932648
-14.339638966612107
0.0
0.0
365.22576850299805
5.246745701530912
382.619984767164
33.79272192081683
380.73042508038026
52.27597756485271
385.90957799869835
26.543871000644728
368.16836511695453
68.42548928821908
382.98744780659143
57.26419339030521
362.0035667525872
70.69461980633592
386.46372618679663
154.96291515561086
232.31810006948464
-223.3265864497188
144.3792199016502
-364.1435476772781
232.40781195243284
-339.84247200998186
239.97536793516412
-70.40771865903196
249.20009467222474
-76.5615063507471
311.2144545718784
-114.22929229354561
235.93025251253428
-128.24789112284333
86.7731288993303
-356.06850987049546
160.60001545322984
-494.7838639709081
117.11155033985968
-461.37512859222414
235.39174799556235
-265.2497153529872
223.24376775391764
-201.2801653294947
245.85954621674188
-195.93458403356286
0.0
0.0
230.70749457948085
-191.9096077541236
256.3204756600305
-168.1217579347188
316.09254948986273
110.90924781393616
205.59084840778954
-37.63277399233635
289.5050311264392
-276.5379010018487
245.11508994827034
49.75613976993201
0.0
0.0
304.3329114315573
-189.2077454609154
241.46070752286977
-151.22787402123757
230.72180518762408
-74.33204095785092
240.30459852921115
-159.71232676702982
238.5255554264709
-104.46797893614746
0.0
0.0
244.59082516719437
-89.12858079616186
264.9542332253062
-105.4835925098597
0.0
0.0
0.0
0.0
247.51309958522663
-73.62018743448685
268.36995874804086
-77.99423372382287
253.13074327149704
-54.08838417026058
270.5926562191008
-25.25395080689854
268.79708378399033
-6.242069850922938
274.1101531455746
-31.233884392795883
256.5334768940379
11.61534890053386
271.5489632387521
1.644087041873263
250.78718813207888
16.496661206801818
275.54128541389184
102.31964637692153
38.97906957517121
-65.58591947036237
-47.62286669693153
-198.89692924908854
41.71465490130225
-167.32268469220952
50.594421804682234
109.15552332248026
60.94767478330883
109.54143559785881
124.06439279635097
78.12957119141797
49.806061001408125
69.95988304574745
-98.43169372294199
-152.44499146675457
-23.76391005939862
-286.1660323012817
-66.46791723128197
-248.1798111538582
52.567695924488035
-47.885142028602544
41.04536603038039
19.748221875301773
64.16180223216922
28.24824217902181
33.66134423001172
69.34587166028693
49.74692665348827
37.11255440637839
75.67120035012887
62.62979931386546
135.64226482701974
342.8642471063873
25.24106406513441
195.00745223858738
108.94486679250618
-43.897285115794666
64.56249093655643
282.12154314732607
71.75440079394454
108.68157358171244
123.45338309362535
41.84204880521906
60.234739350024476
78.23974725664051
49.071812875565335
153.05520419781996
58.060315954877055
65.02635377482005
55.68010308465573
117.19134110103788
74.71144325538475
85.00691202603582
60.22177202408143
124.86613202957662
79.67400860226638
103.95109397483402
58.42671654843911
102.09712962539068
76.31622919791405
115.18522477124293
59.022095230761664
119.45108036440878
78.67811629371984
108.79751262030267
62.1261419076287
125.9866154839984
0.0
0.0
75.03276048081388
159.3767753084194
78.8854285645565
126.6486652539032
59.81074445961558
161.47463874770392
73.28784568478594
143.21211478876762
50.96328716005145
149.55239492355742
74.02047707192864
226.493420695773
-99.43479868560837
-140.17223851624112
-186.19823574765115
-275.1341466578705
0.0
0.0
0.0
0.0
-77.8769238756481
30.21640518028321
-14.739982772578175
-1.6389879834710634
-88.92948142758542
-9.95170890703201
-237.03748211775294
-232.22373173108002
-162.19170634672741
-365.51617895473197
-204.67862528098175
-326.79257447192754
-85.3968049590438
-125.43732007640133
-96.60822553376735
-56.48747236521407
-73.12048837968156
-46.41394179928673
-103.21478549086055
-3.44574105080822
0.0
0.0
-60.2482837896252
-5.632377784793933
0.2573979443059926
277.27506891240535
-109.56387920453409
132.3356129599163
-25.18207461156454
-103.53787570899853
-68.92694824583188
225.9223906572078
-61.21939715242903
54.734095258291966
-9.08032265974278
-9.550266663672431
-71.5400809881322
30.70874870005521
-81.912732388789
109.59028019589263
-72.08738362955947
25.76679202074365
-73.61575083659964
82.35823071947321
-53.696507672720415
54.73079613969834
-67.27898204705464
99.32211119076158
0.0
0.0
-67.17862301013915
86.32895198247577
-48.31835922920093
104.51094024682612
-64.6236342387848
113.94588039237493
-43.965430932972595
108.54984294036659
-59.50468876352747
131.03436747762078
0.0
0.0
-44.55293585805262
175.174048841112
-39.667330845793515
147.87957714227653
-57.70311134693584
188.1617265158244
0.0
0.0
-64.45337377664738
187.1645057099222
-40.36971000125871
269.45838828176187
288.71398622672007
-418.89972218604464
198.3616108738301
-573.0245872154024
284.0416971589355
-561.5834759502407
289.2829901710295
-304.52448688915365
296.45306612440174
-322.3655794105605
356.47191545184927
-371.1947969751992
279.3228727455451
-395.69229981908023
128.4709404616744
-633.3107206590855
200.73585870578364
-781.1215862599728
155.78802679387118
-756.0842750178217
0.0
0.0
259.33381578477906
-510.4616685819575
280.9572398792866
-511.1605070018867
249.1159334997322
-477.9963836326432
264.2639818760865
-516.7765928097135
289.22218805055746
-496.56878322185025
348.5219380262425
-220.2655984120316
237.71119669734347
-370.67769893451
321.7848405268647
-610.5606228452133
277.2644065822128
-284.4222330320313
285.2076785858066
-456.7491446921741
336.8280340331055
-522.2252121290451
274.38714875024397
-482.36788325510645
264.21397111396743
-402.73886191355746
274.63083867429276
-484.5235655238837
273.718139311021
-424.8553234746493
0.0
0.0
282.0470077601865
-398.18731689798426
0.0
0.0
285.1648692071007
-396.8045125916162
305.68817679656956
-369.8878812857953
0.0
0.0
314.0521947446197
-345.11914729996397
300.87898720114225
-310.6686865390645
320.50090764336574
-270.67601113585624
320.9309147321312
-239.8573840121624
328.5828613786395
-252.45134939189933
0.0
0.0
0.0
0.0
312.711652200732
-164.39119979108193
340.21755293803653
-64.16052016679883
-15.623756489952228
-360.16616369969466
0.0
0.0
-19.67932926841995
-499.8787097925923
-14.09220106575998
-241.11428197523097
-6.6134674928700505
-257.4087651994275
53.730977392983064
-304.59191959074354
-23.092923114978234
-327.4310018832893
-173.63106734422277
-563.4283666734103
0.0
0.0
-145.68545791764925
-682.927803390571
-28.4695390436908
-492.7195438616638
-41.49848792167398
-433.97016535553416
-19.584573490577455
-433.124893414089
0.0
0.0
-35.71970746790914
-435.758128173457
-10.468121977443289
-414.0233345538968
49.10790542145979
-136.2725960137617
0.0
0.0
22.805312799952418
-524.1442036366876
-21.44120478637188
-196.6312820251075
-13.43201403737779
-368.4526147725002
38.39421627929096
-432.96350451735145
0.0
0.0
-33.84732573684853
-311.4816281722662
0.0
0.0
-24.0565915647816
-332.0117815342235
-3.078344155067427
-354.6758839372526
-15.496248458316174
-304.0757434281666
6.3286374869098765
-313.0908285453095
-12.254649802082398
-301.91772388079687
8.332447419165412
-274.6673065926359
-6.012841401981845
-255.18212744116843
16.749958449229524
-249.5862386674047
0.0
0.0
23.151138891861287
-175.31254680436584
23.554583296303488
-144.65020363883613
31.160986784267752
-157.50116326300437
15.947970156338172
-102.01587390095155
33.399405912303195
-98.89631349272666
15.135045579249995
-70.50744380214041
42.51534854865217
29.057665985578165
350.00195381273835
-76.37201716825581
265.61259607745535
-198.4491215219793
357.10174049722764
-155.87778474057706
368.08136250103473
131.27917168453922
380.44120186778554
142.2004985080336
445.5127897378938
121.03881046185238
373.1316925826518
122.77088229208346
226.68862484943804
-90.01971477486686
303.0733473144062
-214.48754098491625
262.0155181424728
-167.66877554336997
382.63858684319734
40.97305585398463
372.60385849451745
116.59840832941174
397.10448848554296
132.70290879675116
0.0
0.0
385.1862321466617
155.36228257490336
412.2600454664291
186.92313063640742
473.2755376817125
472.7176030214929
0.0
0.0
448.23667154600605
95.81350597603081
404.652054361913
425.64291478739864
412.1387596075203
254.85469018331497
464.32639935368854
189.83915805685376
401.5782660776728
228.92357353687203
390.7887113339657
305.82332844886616
399.989033742778
219.41270332726896
397.76887547301294
272.4808181675211
416.81543723621803
240.68800533138645
402.2651963325285
280.2747142790787
421.51649951779615
258.5667535324126
399.9276353837203
255.405134930017
0.0
0.0
399.622806495478
268.17002936733627
418.6712192338452
254.36121010903076
401.37720827971634
267.907374195904
416.6436487724928
285.48322974902874
412.55119065813665
292.2695578707933
415.40295965527054
254.1898772113014
395.24993439334787
283.1028908753464
407.56872841786446
258.3892491702436
384.01846649711746
257.7193515226728
0.0
0.0
157.7150071062976
5.0051438315571986
66.88974330999525
-148.10102394540797
152.0297878046181
-136.6366617414604
0.0
0.0
162.9552746724558
99.55511108455207
221.95537227756915
47.64706748328905
143.63588969263915
19.059414859829687
-8.605096912683585
-223.6808525396672
62.118146204662565
-377.6119487919391
15.521682948798457
-359.66221911859435
0.0
0.0
0.0
0.0
134.88131841213152
-141.6863290265648
100.79384240527939
-119.33179424519774
0.0
0.0
135.9468287355088
-162.1037916297248
192.61683603817866
100.90603611580858
79.03572985237933
-63.56713342406026
0.0
0.0
0.0
0.0
118.14086185817516
-190.8228616052156
167.83862755574668
-267.0780588179423
102.09392497884176
-244.15660328369475
88.5400515299499
-181.99112193248484
95.41975008125057
-281.7927929171537
0.0
0.0
108.194670912298
-282.6586240942599
91.99566708616442
-251.80836397132546
109.99812968951676
-280.746926745095
87.57262780639932
-289.61735092601816
104.31527754004
-282.5372759279277
86.12370779169615
-283.23816043638686
105.04605966341745
-297.80966690117026
88.04575192850689
-283.47111453316586
103.86982692828148
-263.4743265034029
100.50967018171676
-252.57670885352783
104.39553374334142
-284.9453759050944
85.4917504355113
-248.68826899374088
99.28632744745438
-264.4516294964781
77.37972768547421
-254.55449540746994
101.30266221989896
-172.9860802383974
270.4550125168115
19.19107759813356
181.2986402879005
-125.46493071706394
268.0706756934947
-105.67870243257138
274.3766577583608
158.56706121013445
282.1266615316071
146.6530960328918
342.62108760833496
102.56526430687828
265.74043366714983
81.55287897434758
114.87528491240415
-153.83148529788718
0.0
0.0
141.59287410598688
-275.9064650889637
258.00527621430984
-88.94377244033852
243.87776814838705
-34.612236549771424
264.41784758526546
-39.35516331752638
0.0
0.0
244.9346502006424
-56.75756027834176
0.0
0.0
325.83998992746734
223.16091532534338
213.01155146069848
62.699575538174656
294.47148962892305
-188.38998610732864
247.71192727084355
125.47549076958549
253.55082956397217
-55.66673541295366
0.0
0.0
238.3070757965125
-105.18718057443533
225.0717163052589
-41.2562433249006
232.13854899777266
-139.68926811343084
227.84867772875657
-97.54454139683523
245.11098608447398
-139.23290568708398
228.9000771788488
-108.4110127803026
0.0
0.0
224.11567015500566
-147.54314131315283
240.59708932658356
-141.83747426298487
222.0424298756659
-144.33615621903547
0.0
0.0
222.98974752132975
-149.4641305916278
238.20485905128584
-132.5376125175498
234.18698417352948
-125.16620679197192
0.0
0.0
217.64393613174826
-129.55491895190812
230.58939266417119
-150.0644854356068
207.78785685261073
-145.31556961881233
230.67853709618151
-69.17112418490211
-346.9235879692184
100.38040609960449
-437.2905851674794
-50.5632957147632
-351.66113690903256
-36.733129583024464
-346.42365875226335
221.99939653328136
-339.7203611592567
204.47710915835734
-280.2129229753289
155.12172351286728
-358.02411313024805
129.11567667547826
0.0
0.0
-438.56031890973134
-262.4878527463263
0.0
0.0
-368.95493571573786
-58.75856484881872
-383.7459521746979
-8.05450088040773
-363.8188065250276
-16.24299564161936
-397.43493143167774
8.590675439618181
-384.3583838667007
-39.634547156072344
-361.3892624886584
-29.454109447129994
-304.2735822141153
235.88792809319966
-417.4280405214979
73.65070678602439
-336.24502731807877
-179.48926515006588
-383.21052678463207
133.48740259870462
-377.4859011608442
-48.855311243529954
-327.4515706334132
-123.51978137351918
-392.8800228370544
-98.89920062905286
-406.13057082888804
-35.12221483022478
-399.0224790909531
-133.61010856067088
-403.21057241390105
-90.96952248487253
-385.79019738079216
-131.99311247350954
-401.7842121378763
-100.05990073661268
-383.6341790585881
-128.15873383849507
-405.97195430867777
-136.44022682713415
-389.1066541040286
-128.71803930950233
-407.2254929175388
-128.99819008588008
-388.2465721619526
-143.2627230253375
-405.2521369413216
-128.87727724408836
-389.45242141805625
-108.9575718829293
-392.8302323039584
-98.1787242499547
-388.9917209092116
-130.82385530760303
-407.9480989122435
-94.92190981408557
-394.2144538775017
-111.12758960526227
-416.1725468812122
-101.70057663133403
-392.4230566890045
-21.05329828831097
-45.684474134467656
250.67892764929715
0.0
0.0
-47.076771002231354
133.2037959418827
-40.26393117694306
400.6970055625922
-32.22639014924556
391.3934847577015
28.534353566183505
349.5573603567696
-48.1555935165523
330.3380951243424
-198.94504318947392
96.23879572629828
-126.90410181743863
-49.77527390933966
0.0
0.0
-55.941125961978585
162.30815568051412
-70.27564740917092
216.0737653969837
-50.06819033770581
210.22945354223887
-83.50682457049571
236.58213923315049
-70.45913206994996
189.1903218087273
-47.545532762084214
199.27094699048047
9.354905112943626
463.7638800446121
-104.15952320687003
299.911270515117
-23.68436259276466
44.679346501838566
-71.19377359861437
354.3837297216425
-66.18089141850396
169.82879917581602
-16.55162837927712
92.11873601731168
-82.96675477407432
111.91558615608065
0.0
0.0
-91.51340061384764
65.47147627441159
-97.05200223109874
101.14251695055306
-81.14730219290664
52.550619667651986
0.0
0.0
-82.32675348493395
39.25836550853088
-106.5472283542883
21.59477332791801
-91.60207183337504
19.238098597055874
-111.76194321948704
8.375710822689
-94.90724882806593
-17.01091378714509
-114.15126237032976
-14.170502416502046
-100.6546722707337
-6.227229877739408
0.0
0.0
-104.9968281137644
-53.48250398509622
-126.44970564826676
-30.86008290602017
-115.27129498249023
-60.69535937261494
-139.83825358924923
-65.24200703724307
-118.77465233347641
1.3633553660014783
-188.0763841901193
216.70940339420275
-276.02758524404123
78.79249004264699
-188.05513455676123
105.21684865183423
-180.5170268121988
376.04453432732475
0.0
0.0
-110.19719805343604
331.879119163416
-186.1059363388585
316.3717370786349
-336.09874457932915
86.08734067773187
-263.2497456144241
-55.99934465195785
-307.80968169936324
-26.81702977671008
-190.6409861094464
164.2895361461095
0.0
0.0
-183.0899223326099
220.66527369836786
-215.68133197698
251.3342203185732
0.0
0.0
-178.02084692439783
222.73779920745545
-120.26733326383942
491.630638773473
-232.931259413156
332.1724785368098
-151.64372374941854
81.2007028453945
-198.30001633109327
395.3098163481025
-192.77513258599578
213.51233189260165
-142.5688714802141
138.73471319481632
-208.1776415617707
162.75102181352253
-221.735570740178
225.12152627579314
-215.1684881698565
124.50530055079722
-219.94407467990277
164.1697927144256
-203.31096799763392
119.44122406767647
-220.17753446755256
146.86970911511403
-203.0870403187195
113.55484913097092
-226.6675921458237
99.36158225615725
-211.07862324534426
100.38135651446959
-230.6349019763152
92.72578184888751
-213.20039538520373
70.39384558187177
-231.91572610128074
76.09356078981119
0.0
0.0
0.0
0.0
-221.32504110744574
44.32961189163918
-242.34833386026702
69.10810492456012
-230.76391391397175
41.23927380454937
-254.93674937916094
38.477472203973896
-233.58156464960666
106.5822543026255
154.9659958393594
-95.38715128072522
62.32754500930652
-258.1792400772016
145.69865033758998
-256.1458267186585
148.64995616028057
-9.193945578114302
153.28670538130336
-37.84658647980078
210.7378685370319
-98.19434801710308
130.95288447714157
-134.80463471004484
-22.64816214961295
-385.1587478070884
46.79981428531053
-546.2717773163305
-1.0046946036983542
-535.0501005715868
113.00923787050044
-360.8230280708417
96.68997811167415
-318.45801860030286
115.24540375777354
-334.36138875836167
0.0
0.0
92.28385314198893
-371.4701846524786
114.09615399282602
-367.4069037962583
170.19961822926288
-107.50943066242866
56.15944391052198
-274.5328262364443
136.90649793227493
-531.3556937210549
89.15859530137263
-222.02162028954243
0.0
0.0
144.36342141668143
-482.4205659392858
78.65503672059852
-459.55652933141937
65.2297223586044
-396.86506894414407
72.41868885745825
-495.56838087810996
68.30758282116763
-452.6096041129371
86.01851323337506
-492.49796305762374
70.36769151897137
-458.82442851579736
89.06272580426479
-484.38523505722355
67.47219676210575
-489.3324414053525
85.06604009638012
-477.7819412648571
67.85039158396401
-473.48865852015865
87.82787765152167
-482.5517424951412
72.01321248769993
-462.2106298502041
89.09447059368733
-435.75115161897463
0.0
0.0
92.31935386037703
-442.8775721623323
74.86491487970586
-398.8008410343151
90.16910071469894
-406.3416252770576
69.81654037632633
-387.8413511779899
95.44803256941742
-297.31924576118615
100.85133646804883
286.2869083646247
14.194154561903929
155.7603242479655
103.39719797261577
189.14233569634877
112.12049468216841
466.4272183986448
121.95236124256685
466.6729538432356
184.4652760229169
434.1229859768576
109.45226305660387
423.83984113527487
-39.74742404250679
198.35934260008483
33.80728901403391
60.59990969966377
-10.121577873765908
93.59010501611728
107.61974732484728
287.9386072424149
94.57913210357248
348.71800353568
115.97243651693601
349.4724001985702
83.6537913448452
381.9369794366838
0.0
0.0
121.56975229101442
355.42080350213234
179.33253633437775
624.5337291905339
66.58166439387428
464.7876876434538
147.56608310060574
213.2939358455455
0.0
0.0
105.85777857072873
343.3063094380133
155.8820537798846
266.9507244882865
89.76625703993088
288.53763186037673
75.62053487931283
347.9677665886933
81.47037322903043
244.03175220276248
75.93670069480115
279.7937154896419
91.70139949440726
230.7693216450391
73.90876710949911
253.38961206953294
0.0
0.0
65.26924315314415
195.15379096053692
79.70221297518421
190.10520283151186
58.906021192593606
176.0345294090037
0.0
0.0
54.9435088731289
145.4961269042045
67.50829291533532
148.69731051799502
60.77526979467361
141.68145373386236
0.0
0.0
38.49073982840712
106.73593847277824
48.45041197145682
70.1670676917498
22.609630307170782
58.416837866991976
42.2415567672907
117.50806058326356
437.4098288811905
264.477288559921
350.92422829118004
135.18526646879437
0.0
0.0
449.08530143758514
447.54006601744464
458.9966672852761
448.5064938189657
521.5562574553464
416.4410739288922
446.5610240349192
406.472760437984
297.35370856603276
181.1946617288128
370.8732759307596
43.47577087748857
326.8804304165539
76.31003543384847
444.52718556937145
270.266372097629
431.36993306082354
330.57561040164467
452.62463924817996
330.7719769147943
420.1399838715024
362.4836083586801
433.98992179451824
319.9849886195338
457.65482252916473
334.0855452607119
515.1793977554986
602.0089773363651
402.16869315341444
440.957013817598
482.8952796768906
188.3505171741602
435.7093659228825
499.34881561458616
440.6906333988905
315.9226401014335
490.47700026912634
238.20612722816057
424.02107308137226
258.0636991060276
0.0
0.0
415.0017562654916
209.8841856933054
409.0766151241292
243.61203835432588
424.44417491553145
192.55074018887763
406.2333078808392
212.9894765011046
421.8751135895714
172.3092383175121
396.74932271796786
150.40102773815516
0.0
0.0
389.4844723432999
126.55979650549054
405.15534502151036
94.99231353892395
0.0
0.0
396.70423349833516
91.97763136025102
389.4904661532201
82.43065925597111
389.32486673060293
28.585003405270456
366.2284216643735
42.34719053246077
0.0
0.0
349.3208194735248
-11.320850213928956
368.47431421173053
45.275424692716456
116.90564261435068
-63.43802048069482
24.166292364998867
-226.52013639558191
107.43543946269321
-224.8269876830854
110.28837062560576
21.740448416567254
114.80136043554828
-7.373179552809479
172.12684832065247
-68.23278574854908
0.0
0.0
-61.53667954251435
-356.38642004573705
7.759326163226305
-518.1760751927475
-40.20122193057968
-507.6773840570595
73.6558847225046
-334.2129096068071
57.16673603295516
-292.6663163540393
75.54093270511503
-309.44046006969955
40.42610038219458
-292.7385874682713
52.19817024602493
-348.4181556225552
73.81845408137382
-345.33486015301514
129.7217865450647
-86.45711675937127
15.475312202042247
-254.53473017647676
0.0
0.0
48.037235462301474
-204.2429737386092
53.58971563566135
-388.8426334370633
0.0
0.0
37.00809378202145
-444.48160206398023
23.353524365705056
-382.97884849648085
30.30644621374337
-482.90005920284506
25.9625388404165
-441.1549763136947
0.0
0.0
27.551323911560416
-449.8285935561681
46.0097908053436
-476.6267842601464
24.182204321736975
-482.8187319782911
41.54314414697458
-472.49010335075855
24.09557285004348
-469.41635922916157
0.0
0.0
27.80248440652211
-460.54122735837376
44.66175944023966
-435.2555124356782
42.39028862230499
-418.55354693261586
47.4540025288084
-444.64945987497117
0.0
0.0
44.88922727616311
-410.2503671603082
24.33597298985518
-392.7548895080391
49.775908792793
-303.22877699120323
36.614350845354835
-25.44139996519891
-54.69660075191479
-181.37951718093524
0.0
0.0
34.24359818186756
81.09928271330193
40.087199564973915
58.88433258481801
98.73017341187668
4.861694017418987
20.089552231367648
-25.64276185248397
-132.43030985873713
-270.12460873880434
-61.95010841835888
-425.59926240659115
-108.75907517512132
-408.9779666754604
0.0
0.0
-9.19439043829092
-182.37574355828295
0.0
0.0
0.0
0.0
-11.336904897724668
-222.7208251816567
11.158599754731782
-215.05300405891106
67.86875970075796
48.09433998389203
-45.63347198209824
-116.03646491114495
35.43466145729329
-370.4245453354983
-11.845535452436371
-58.89001936872846
-6.0601177621111475
-241.5611055402184
43.740409883459385
-317.0303186856592
-21.757990288646937
-292.9103955494414
0.0
0.0
-27.824876937719473
-327.59558595131836
0.0
0.0
-14.316278341991918
-324.74585774651456
-30.104230074669957
-291.75960255280285
-11.651871368031529
-318.4173497161511
-33.590863487276366
-324.86942884194974
-16.348267089855497
-315.165072504213
-34.007991975808416
-313.1099682903607
0.0
0.0
-30.94578573828875
-307.4219686616463
0.0
0.0
0.0
0.0
-12.728433740210257
-299.0758980495167
-30.972660817394424
-259.30819727282886
-16.50124024323422
-271.4578975154961
-37.7143049570183
-257.84070805703504
-13.080424897826376
-172.5549888461072
82.64093192565501
203.46258342361793
0.0
0.0
82.51400810211706
91.88384244547164
89.93592214652371
362.31667182826027
98.59661193143138
356.0275147786494
0.0
0.0
83.88671514441182
300.99921427127424
-66.29938244331781
69.92631087461709
6.337087389339624
-73.0723766719444
-38.45588600452002
-44.95058073723719
78.45715996882333
144.91786962768225
64.69030954238366
201.60474969995775
85.45766141877569
198.6661878452568
0.0
0.0
66.15045209302968
183.29154358415346
0.0
0.0
146.99382095860443
463.207942445578
33.973485377928476
301.9289345418499
114.9230747978029
49.31960637595632
67.87652498783801
361.3741910604766
0.0
0.0
123.10173075457726
102.2040461330735
57.10256604729024
124.20598402608647
43.14513428070957
184.5051084883235
49.32190072660555
81.87625988392145
44.13629290473013
119.40311938796985
60.36659319928287
72.57720127400115
0.0
0.0
59.76984913483605
62.399802435826004
35.795340294751746
46.13742198825522
50.97025892641462
44.98498490820547
31.01003946730212
35.20518063884807
48.03948764715094
10.745071036280523
28.936703818650237
14.39553421942179
42.54793279763702
22.98891710101755
36.89958775745614
21.733897383859308
38.36474458961346
-23.480316705307587
16.95330761053544
-0.7155224972180823
28.148582984565035
-30.58102287563169
3.5771936547356695
-35.3472584575631
24.58919793155745
30.973133542832915
102.18805298817507
292.4228299392336
0.0
0.0
0.0
0.0
114.08875985871134
475.80263048036113
124.11501763265774
477.07837019057985
0.0
0.0
111.98914106539823
436.2266577746946
-37.036482899883765
211.68605903996195
36.68456533600198
74.83003965379582
-7.084259133224631
108.68430850466395
110.8128652206409
303.8546825095566
97.91641870492094
365.41289795234565
119.44216212252664
366.90086211493303
87.24954055624548
400.05061540661734
0.0
0.0
125.38736168107505
374.7541478298222
183.24942939668543
644.3974660834928
70.58734230064248
485.1273246535423
151.63089949828398
234.05738604757542
0.0
0.0
110.01747462870193
364.64497592854485
0.0
0.0
94.01388547382732
310.28361101007505
79.89747458117523
369.88100747358607
85.75788308600033
266.05355980352874
80.23177210766984
301.862025354909
0.0
0.0
78.17999891356682
275.3702139111002
94.21294472509831
236.73705342096548
69.46341392186653
216.8071063058556
0.0
0.0
0.0
0.0
79.05178207589961
167.60993656282727
58.869521472981376
165.78498519539997
71.33952903914037
168.5051200676057
0.0
0.0
64.71280659729935
109.0564705333177
41.99323616384888
124.77278986529194
51.82811735145786
87.51156411097317
25.85722268615333
75.02066537237522
45.33979820728005
133.32772507081776
-178.18228082940723
-6.543603899325674
-269.5095102328366
-162.77339838495124
-184.82485535052874
-154.10547737772185
-180.53809170010686
99.58149344946642
-174.66329363437777
77.35638536221737
-115.97013268220583
23.459023030905634
-194.54632457720788
-6.832706246898361
-346.990843569936
-251.05053525822706
0.0
0.0
-323.12732393498675
-389.1098990038081
-208.01692896775668
-209.14951122132987
-223.31309679956132
-161.33186482065528
-203.8074658281632
-172.06734516551364
-237.81100688267568
-149.48573900434928
-225.01515164849647
-199.5885288335138
-202.3446325691425
-191.03033638019025
-145.45202799697216
73.04266632468483
-258.7634579497709
-90.11662872422772
0.0
0.0
-224.58395413071506
-30.999793219379484
-218.68450213627813
-213.14581022268678
-168.72044136473744
-287.72334446550565
0.0
0.0
-247.05295886259967
-197.75919944076895
-239.6260802099714
-294.89410927778647
-243.4929441619368
-250.6171231892477
0.0
0.0
-241.20014604527418
-255.38579717294192
-222.51218727510866
-280.8149363996693
-244.2223964877316
-286.07249695810145
-226.73438604108912
-275.0805621744422
-244.15398359384702
-271.7647996661045
-224.4333156182979
-282.1529382352743
-240.6158853785432
-263.5728994475054
-223.95570291621783
-239.21219695866
-226.45234818252396
-223.75645050661853
-221.68528281433004
-251.4772021848836
-239.68643649863944
-210.44359580505662
-224.96871621840813
-221.32164876635085
-245.92636349687467
-206.40615377545484
-221.07299452963582
-119.97809437754827
-146.84114319914627
39.514467078765726
-239.0704623171344
-120.67372914175563
-155.28947333375461
-116.117869563071
-151.90448834651198
133.31004836088374
-146.95298093134
106.76198045907358
-89.18794998421852
48.409148367785235
-168.6938727085199
13.592049618945719
-322.07417833650885
-235.21884847540298
-252.4420648462704
-394.9996487312188
-300.0829705829457
-382.629987696905
0.0
0.0
-202.1368013117995
-164.34008152227776
-183.5597274731031
-179.8280540604284
-218.48657679841483
-161.99409153484356
-206.6013566175412
-216.8176288597783
-184.83998132809683
-212.95468246509876
-128.8445258409451
46.47262547650055
-243.03989479346382
-121.27117202021208
-162.63356277141898
-379.33603314218084
0.0
0.0
0.0
0.0
-155.78604896210155
-333.5345164011419
-221.86107664197027
-312.4755051403189
-235.68450322165228
-251.7981197620973
-228.983862503076
-352.84426860684664
-233.56932632936457
-312.33524310222015
-216.4032940792762
-354.95529652745205
0.0
0.0
0.0
0.0
-236.79379497170422
-361.1798089681225
-219.85584910665227
-353.072047603159
0.0
0.0
-218.5239651872622
-365.2960175892059
-235.1159002493617
-348.9690091544623
-218.82689732112405
-326.63238372060795
-221.67349578187503
-312.9804457252056
-217.21272184622762
-342.27135473091477
-235.4902345873279
-302.5706246856689
0.0
0.0
-242.19743544561595
-300.47299609262546
0.0
0.0
-275.5561507292374
334.3440241170324
-361.9310032925124
204.9470410973742
-272.4168596768954
239.6704105302499
-263.34557603942636
518.560870282958
-253.18372705182935
520.28791785524
-190.31372080541593
489.4101171286494
0.0
0.0
-413.7865497394972
257.19309778663967
-339.8509535036687
121.29535746958999
-383.3834150115438
156.2555518130481
-265.22243004084254
352.7211945742422
-277.8505277617344
415.5849527202245
-256.05166486516214
418.39764945509427
-287.9506532639473
453.00877323129333
-273.51638462891333
413.35997691339077
0.0
0.0
-191.00337836949973
702.145060683423
-303.3261348548746
544.6148240721079
-221.9922434041774
294.98257109781906
-268.41227749763607
609.9985101763317
-263.05049158574593
428.4241507504091
-212.69318501553528
353.7507592808501
-278.41645316064637
377.39728196126714
-292.1715199465862
438.87263095766843
-285.9720091064539
336.8089241833273
-291.1320299258074
374.5280564684549
-275.02669030579983
327.3188185299027
-292.4701874884536
351.76974560544704
-276.0904348604635
314.95848591092744
-300.5134455113641
296.7583038062846
-285.7739177291709
293.3173140724301
-306.29388513765673
280.71864741646624
-289.892348150652
252.9913499264804
-309.76067424528753
252.8355537891234
-296.9805484746933
257.20182740186607
-303.4911166521503
251.33930769156257
-302.97070565030555
201.08336650232843
-325.3722715031797
218.4403334772268
-315.2168510242852
182.8096764272609
-340.85351981342035
171.97782931054823
-321.1074982489715
231.65249340358324
-245.7833024688147
23.365625684523994
-337.5660463737597
-134.95120637334514
-253.3296978481882
-128.39086587823925
-249.4814224088748
123.18409763377264
-244.05386343812734
98.80223281320505
-185.802919704937
42.73552445712033
-264.81646510629264
10.274444634340014
-417.69692584466
-236.12565406434885
-347.5592038994723
-393.43360525250375
-394.6891489748823
-378.5262722093294
-279.99600999829835
-200.69669007600658
-295.70591650398296
-155.0059090677063
0.0
0.0
-311.01170395137945
-147.34827649560373
-298.60779719103084
-199.5112403097104
-276.3203097684483
-192.93663987666147
-219.80172426294385
69.19188742876217
-333.47722074152404
-95.86290645069057
-252.58118269380094
-351.3404494813553
-299.98801331841014
-40.40466788044585
-294.2988006007854
-223.7744014140736
-244.55554131812403
-299.4141341538279
-310.14544605892496
-275.81258268299473
-323.49130786451934
-212.63656661551005
-316.33856652792105
-311.2712985614322
0.0
0.0
-302.87278140692035
-308.7123748658495
-318.6503646339785
-275.6797323650332
-300.1708758664996
-302.24128270402355
-322.0663499937223
-308.55071043218317
-304.75390220284567
-298.4789911772482
-322.32666989756154
-295.99225614457885
-302.7415807687094
-307.09874990763007
-319.03443736279905
-289.14751122928567
-302.46555153272715
-265.30124336628626
-305.0394632457434
-250.23440827003446
-300.32902994553683
-278.23407744318
0.0
0.0
-303.6754548487858
-248.26775769708746
0.0
0.0
-299.75970339203514
-146.66482573893256
0.0
0.0
-263.46671899695815
228.47429762252938
-174.92219286421476
258.730429684324
-166.82479115668355
532.9843672601123
-157.6449401664666
530.0599346044785
-95.7644948313881
494.38948880641567
-171.39781628670522
481.01458741004774
-321.2161016849035
252.42230955095994
-248.2686919090549
111.58034520732866
-292.7878754247773
141.5547759165644
-175.6146998397246
332.99668458743986
-189.2222175739081
390.8547857286235
-168.39047592980694
388.6903119801799
0.0
0.0
-187.75555260186096
373.79344335613666
0.0
0.0
-107.112935042599
652.8925295193106
-220.34393629018328
490.6441307291456
-139.84464000208578
236.46751121062292
-187.1542430968451
546.938701588884
-182.29276503255556
362.50272803240523
-132.53090763257248
284.9059244231071
-199.04864114906846
304.36005301174237
-213.5739961198519
361.7882952719957
-208.08597569197522
255.86646353608464
-213.95374578871898
289.8711576159718
-198.50169465222268
239.1483050979993
0.0
0.0
-200.779641666538
220.33117563265156
-225.7203636537281
199.23795047423926
-211.496750267388
193.09217482056232
-232.47609033620597
178.02583091410816
-216.49839492229003
148.05838619697462
-236.72298174915554
145.91776795092835
0.0
0.0
-231.06412605274477
141.17089252442128
-230.7911600852221
89.65783884371453
0.0
0.0
-243.4380219066314
69.61421607979656
-269.23838576345514
58.26744058668041
-249.53734155191634
117.73471564161107
0.0
0.0
231.638090953799
-193.13459949779173
316.8184862373887
-181.5484636695389
321.54300119063083
74.61599542881163
0.0
0.0
386.8614471709367
3.134463967074879
308.58553444732956
-25.287145812708978
156.39643266849893
-267.82182804391914
227.17325618941717
-421.53222916059985
180.6274387547142
-403.3641750533359
0.0
0.0
0.0
0.0
300.1488463620161
-184.6460244711772
266.12243714383493
-162.00069093941983
278.8546138301477
-212.14107436841945
0.0
0.0
358.1474181050017
59.227131497367935
244.63681291527772
-104.89006997857973
325.65213973390985
-359.18112381236375
278.30031722697987
-48.12474080128328
284.0059848355528
-230.85647070520264
333.73005301832933
-306.94741959538993
268.0761331511923
-283.56266072508697
0.0
0.0
261.59966932116504
-320.18987856106787
257.2478593326229
-278.42228854692183
0.0
0.0
258.4759655884378
-288.64763967798615
0.0
0.0
254.27985287652615
-325.2831138835844
271.1270495350829
-317.6544510967108
253.04613888119613
-317.7765469426686
272.07724893621037
-331.77743195814156
255.19350200308511
-316.8287313562371
0.0
0.0
267.8789018782222
-284.77002679877046
271.8720769365059
-316.57435657010575
253.07050519007166
-279.78094747500637
0.0
0.0
245.14571647839003
-284.6747513635586
269.1756716034355
-202.548355824415
-21.12544204032505
-83.70241708771094
-113.2238619991862
-244.06748115452802
-29.302228057345175
-239.47739944523215
-25.78599320374348
10.17966048633568
-20.594789950990695
-15.82494219399668
37.422008381502586
-73.41467517898913
-41.796761028921324
-107.22993049422128
-194.83491462465219
-354.77955199531294
-124.82460802341075
-513.061378579095
-172.06443733602583
-498.9722204489693
0.0
0.0
-73.23730838509888
-276.58775241958074
-54.13375295159863
-289.65608806057287
-88.51610785875683
-269.20584685055576
-76.02061520280677
-321.16403686335843
0.0
0.0
0.0
0.0
-110.55993708115545
-215.99876623966412
-29.366684107633652
-470.358629578381
-76.60146134874101
-158.4099217605281
0.0
0.0
-20.789212541261378
-415.591529109981
-86.05855411417974
-390.4044585935262
-99.05841540170731
-325.4740265253924
-91.48867334835302
-422.0968419306145
-95.2126388584582
-377.10442586155006
-77.15354212970982
-415.11039176599576
-92.46216762596688
-379.63854965077695
-73.46438750660673
-403.5582508796105
-94.79416658855615
-407.027655669426
-76.93117151924164
-394.06625616253865
-93.91519577720015
-388.5225781897134
-73.72570040604158
-396.4635014870673
-89.37389881429283
-375.1791869255439
-72.14891263382411
-347.9160411324763
0.0
0.0
-68.67932461262815
-353.80632208730276
-86.04037659319118
-309.3159824042951
-70.65938971929859
-316.57570284777864
-90.94142681689618
-297.90875957194623
-65.32339611211256
-207.47308032587773
203.89308403261936
130.26323084323846
115.34780547770397
-10.5979112487364
202.70759391909334
12.755297395272052
0.0
0.0
217.80765828620363
271.4212980044067
278.7382943234172
230.0790044939041
202.2405270629287
211.5080836682272
51.68498326102199
-21.746836473013616
123.98332214594105
-166.758986643112
78.87366148198319
-140.48838179013237
195.47926602655798
47.68253462625757
181.45930398315585
102.88498301145384
0.0
0.0
168.95294994421687
126.774624619966
182.4230590770844
81.3525515971218
205.73003584244583
93.42315831193707
263.0576079215441
360.06871978667346
149.99628287618887
198.50997894685784
0.0
0.0
183.98619846878165
258.08758650644745
189.43337270522
75.54507802196693
0.0
0.0
173.4900456912984
22.116706396375427
159.70611170381346
83.26700457337577
166.12875072897188
-18.26422744873317
161.18867137573508
20.52022602392386
177.723661174496
-24.821117031830266
160.76178063614938
2.094787872951244
177.82031590238986
-31.471735862123086
154.2728281029947
-45.6509341032354
169.869845657675
-44.587261762370694
150.37666005796623
-51.958681546285334
167.89716023630814
-73.8509676741715
149.3329359845532
-67.44491389434242
163.50334655192162
-55.95858651361928
158.42486829975726
-54.19235160651537
160.4865739541083
-96.24632412581448
139.68580112882324
-70.21043668958538
0.0
0.0
127.56973384740564
-98.01231171193295
149.2755976509803
-28.060074199181802
